-18.911991
-18.911991
-18.911991
-18.911991
-18.911991
-19.173884
-19.173884
-19.173884
-19.173884
-19.173884
-19.173884
-19.173884
-19.173884
-19.173884
-19.173884
-19.173884
-19.173884
-19.173884
-19.173884
-19.173884
-19.173884
-19.173884
-19.173884
-19.173884
-19.173884
-19.173884
-19.173884
-19.173884
-19.173884
-19.202759
-19.202759
-19.202759
-19.202759
-19.202759
-19.202759
-19.202759
-19.202759
-19.202759
-19.202759
-19.202759
-19.202759
-19.202759
-19.202759
-19.202759
-19.202759
-19.202759
-19.202759
-19.203525
-19.203525
-19.203525
-19.203525
-19.203525
-19.204319
-19.204319
-19.204319
-19.204319
-19.204319
-19.204319
-19.205400
-19.207263
-19.207263
-19.207263
-19.207263
-19.208150
-19.208150
-19.208150
-19.208150
-19.208150
-19.208150
-19.208150
-19.208150
-19.208150
-19.208150
-19.208150
-19.208150
-19.208150
-19.208150
-19.208150
-19.208150
-19.208150
-19.208150
-19.208150
-19.208150
-19.208150
-19.208150
-19.208150
-19.208150
-19.208150
-19.208150
-19.208150
-19.208150
-19.208150
-19.208150
-19.208150
-19.208150
-19.208150
-19.208150
-19.208150
-19.208150
-19.208150
-19.208150
-19.208178
-19.208178
-19.208178
-19.208178
-19.208178
-19.208178
-19.208261
-19.208468
-19.208468
-19.208468
-19.208468
-19.208468
-19.208468
-19.208468
-19.208468
-19.208468
-19.208468
-19.208468
-19.208468
-19.208468
-19.208488
-19.208488
-19.208488
-19.208488
-19.208488
-19.208488
-19.208488
-19.208488
-19.208488
-19.208488
-19.208488
-19.208488
-19.208488
-19.208488
-19.208488
-19.208488
-19.208488
-19.208488
-19.208488
-19.208488
-19.208488
-19.208496
-19.208496
-19.208496
-19.208496
-19.208496
-19.208496
-19.208496
-19.208496
-19.208496
-19.208496
-19.208496
-19.208496
-19.208496
-19.208499
-19.208499
-19.208499
-19.208499
-19.208499
-19.208499
-19.208501
-19.208501
-19.208501
-19.208501
-19.208501
-19.208501
-19.208501
-19.208501
-19.208501
-19.208501
-19.208502
-19.208502
-19.208502
-19.208502
-19.208502
-19.208502
-19.208502
-19.208502
-19.208502
-19.208502
-19.208502
-19.208502
-19.208502
-19.208502
-19.208502
-19.208502
-19.208502
-19.208502
-19.208502
-19.208502
-19.208502
-19.208502
-19.208502
-19.208502
-19.208502
-19.208502
-19.208502
-19.208502
-19.208502
-19.208502
-19.208502
-19.208502
-19.208502
-19.208502
-19.208502
-19.208502
-19.208502
-19.208502
-19.208502
-19.208502
-19.208502
-19.208502
-19.208502
-19.208502
-19.208502
-19.208502
-19.208502
-19.208502
-19.208502
-19.208502
-19.208502
-19.208503
-19.208503
-19.208503
-19.208503
-19.208503
-19.208503
-19.208503
-19.208503
-19.208503
-19.208503
-19.208503
-19.208503
-19.208503
-19.208503
-19.208503
-19.208503
-19.208503
-19.208503
-19.208503
-19.208503
-19.208503
-19.208503
-19.208503
-19.208503
-19.208503
-19.208503
-19.208503
-19.208503
-19.208503
-19.208503
-19.208503
-19.208503
-19.208503
-19.208503
-19.208503
-19.208503
-19.208503
-19.208503
-19.208503
-19.208503
-19.208503
-19.208503
-19.208503
-19.208503
-19.208503
-19.208503
-19.208503
-19.208503
-19.208503
-19.208503
-19.208503
-19.208503
-19.208503
-19.208503
-19.208503
-19.208503
-19.208503
-19.208503
-19.208503
-19.208503
-19.208503
-19.208503
-19.208503
-19.208503
-19.208503
-19.208503
-19.208503
-19.208503
-19.208503
-19.208503
-19.208503
-19.208503
-19.208503
-19.208503
-19.208503
-19.208503
-19.208503
-19.208503
-19.208503
-19.208503
-19.208503
-19.208503
-19.208503
-19.208503
-19.208503
-19.208503
-19.208503
-19.208503
-19.208503
-19.208503
-19.208503
-19.208503
-19.208503
-19.208503
-19.208503
-19.208503
-19.208503
-19.208503
-19.208503
-19.208503
-19.208503
-19.208503
-19.208503
-19.208503
-19.208503
-19.208503
-19.208503
-19.208503
-19.208503
-19.208503
-19.208503
-19.208503
-19.208503
-19.208503
-19.208503
-19.208503
-19.208503
-19.208503
-19.208503
-19.208503
-19.208503
-19.208503
-19.208503
-19.208503
-19.208503
-19.208503
-19.208503
-19.208503
-19.208503
-19.208503
-19.208503
-19.208503
-19.208503
-19.208503
-19.208503
-19.208503
-19.208503
-19.208503
-19.208503
-19.208503
-19.208503
-19.208503
-19.208503
-19.208503
-19.208503
-19.208503
-19.208503
-19.208503
-19.208503
-19.208503
-19.208503
-19.208503
-19.208503
-19.208503
-19.208503
-19.208503
-19.208503
-19.208503
-19.208503
-19.208503
-19.208503
-19.208503
-19.208503
-19.208503
-19.208503
-19.208503
-19.208503
-19.208503
-19.208503
-19.208503
-19.208503
-19.208503
-19.208503
-19.208503
-19.208503
-19.208503
-19.208503
-19.208503
-19.208503
-19.208503
-19.208503
-19.208503
-19.208503
-19.208503
-19.208503
-19.208503
-19.208503
-19.208503
-19.208503
-19.208503
-19.208503
-19.208503
-19.208503
-19.208503
-19.208503
-19.208503
-19.208503
-19.208503
-19.208503
-19.208503
-19.208503
-19.208503
-19.208503
-19.208503
-19.208503
-19.208503
-19.208503
-19.208503
-19.208503
-19.208503
-19.208503
-19.208503
-19.208503
-19.208503
-19.208503
-19.208503
-19.208503
-19.208503
-19.208503
-19.208503
-19.208503
-19.208503
-19.208503
-19.208503
-19.208503
-19.208503
-19.208503
-19.208503
-19.208503
-19.208503
-19.208503
-19.208503
-19.208503
-19.208503
-19.208503
-19.208503
-19.208503
-19.208503
-19.208503
-19.208503
-19.208503
-19.208503
-19.208503
-19.208503
-19.208503
-19.208503
-19.208503
-19.208503
-19.208503
-19.208503
-19.208503
-19.208503
-19.208503
-19.208503
-19.208503
-19.208503
-19.208503
-19.208503
-19.208503
-19.208503
-19.208503
-19.208503
-19.208503
-19.208503
-19.208503
-19.208503
-19.208503
-19.208503
-19.208503
-19.208503
-19.208503
-19.208503
-19.208503
-19.208503
-19.208503
-19.208503
-19.208503
-19.208503
