-2.559907
-4.096631
-8.088871
-8.088871
-8.088871
-10.997634
-10.997634
-15.757706
-16.101067
-16.101067
-16.101067
-16.101067
-16.101067
-16.101067
-16.101067
-16.101067
-16.101067
-16.101067
-16.101067
-16.101067
-16.101067
-16.101067
-16.101067
-16.101067
-16.101067
-16.101067
-16.101067
-16.101067
-16.101067
-16.101067
-16.101067
-16.101067
-16.101067
-16.101067
-16.101067
-16.101067
-16.979483
-17.377105
-17.377105
-17.377105
-17.377105
-17.377105
-17.377105
-17.605689
-17.605689
-17.605689
-17.605689
-17.605689
-17.605689
-17.605689
-17.605689
-17.605689
-17.605689
-17.605689
-17.605689
-17.605689
-17.605689
-17.605689
-17.605689
-17.605689
-17.605689
-17.605689
-17.605689
-17.605689
-17.605689
-17.605689
-17.605689
-17.605689
-17.605689
-17.605689
-17.605689
-17.605689
-17.605689
-17.605689
-17.605689
-17.605689
-17.605689
-17.605689
-17.605689
-17.605689
-17.605689
-17.605689
-17.775110
-17.775110
-17.775110
-19.124308
-19.157896
-19.157896
-19.157896
-19.157896
-19.157896
-19.157896
-19.157896
-19.157896
-19.157896
-19.157896
-19.157896
-19.157896
-19.157896
-19.157896
-19.157896
-19.157896
-19.157896
-19.157896
-19.157896
-19.157896
-19.157896
-19.157896
-19.157896
-19.157896
-19.157896
-19.157896
-19.157896
-19.157896
-19.157896
-19.157896
-19.157896
-19.157896
-19.157896
-19.157896
-19.157896
-19.157896
-19.193848
-19.193848
-19.193848
-19.206464
-19.206464
-19.206464
-19.206464
-19.206464
-19.206464
-19.206464
-19.206464
-19.206464
-19.206464
-19.206464
-19.207115
-19.207115
-19.207115
-19.207115
-19.207115
-19.207115
-19.207115
-19.207115
-19.207115
-19.207115
-19.207115
-19.207115
-19.207115
-19.207115
-19.207115
-19.207115
-19.207115
-19.207337
-19.207337
-19.208483
-19.208483
-19.208483
-19.208483
-19.208483
-19.208483
-19.208483
-19.208483
-19.208483
-19.208483
-19.208483
-19.208483
-19.208483
-19.208483
-19.208483
-19.208483
-19.208483
-19.208483
-19.208483
-19.208483
-19.208483
-19.208483
-19.208487
-19.208487
-19.208487
-19.208487
-19.208487
-19.208487
-19.208487
-19.208487
-19.208487
-19.208487
-19.208487
-19.208487
-19.208487
-19.208487
-19.208487
-19.208487
-19.208487
-19.208487
-19.208487
-19.208490
-19.208490
-19.208490
-19.208500
